n,p,q,degree,noise_sigma,itr,u_error,v_error,corr_error,freq_error,method
1000,100,100,5,0.5,1,0.0887347499664265,0.764660637834179,0.0502335648193249,0.392399559380591,SCCA
1000,100,100,5,0.5,2,0.0779444073972861,0.0170680404766094,0.0618112354254596,0.521975656300891,SCCA
1000,100,100,5,0.5,3,0.070018202244131,0.0107717253872057,0.029708977145154,0.696340760032668,SCCA
1000,100,100,5,0.5,4,0.296710979110853,0.014871129049414,0.0300667899416182,0.753584755199699,SCCA
1000,100,100,5,0.5,5,0.0671703313789532,0.0820240612821979,0.00724408902384138,0.55816659718199,SCCA
1000,100,100,5,0.5,6,0.0898327116577745,0.764660637834179,0.0391409391683127,0.975219562944276,SCCA
1000,100,100,5,0.5,7,0.0340804041136265,0.0224065428034033,0.0146470178118326,0.0911553138348508,SCCA
1000,100,100,5,0.5,8,0.0669813443123781,0.017016070619442,0.0244249015885015,0.384012908740537,SCCA
1000,100,100,5,0.5,9,0.084564041297577,0.0875564803831193,0.0394356238088268,0.334729746083071,SCCA
1000,100,100,5,0.5,10,0.0726244120151195,0.764660637834179,0.0249547191888926,0.21388738348163,SCCA
1000,100,100,5,0.5,11,0.127859778890572,0.0140508471778444,0.0204854826850711,0.157768551045605,SCCA
1000,100,100,5,0.5,12,0.96243473418035,1,0.437428569453415,4.00343658626825,SCCA
1000,100,100,5,0.5,13,0.164924013686287,0.0165019297370542,0.0352068881259603,0.268174488988539,SCCA
1000,100,100,5,0.5,14,0.0975534493001461,0.764660637834179,0.0219296847088904,0.425426719319632,SCCA
1000,100,100,5,0.5,15,0.195572218830239,0.764660637834179,0.0754291999779699,0.301719866869328,SCCA
1000,100,100,5,0.5,16,0.0943579087614688,0.0834673387937422,0.00482094353419626,0.633142625251834,SCCA
1000,100,100,5,0.5,17,0.102004060561724,0.0130660449202951,0.0379383574544906,0.635810526787084,SCCA
1000,100,100,5,0.5,18,0.167552194441178,0.0814104648467155,0.00648610514421599,0.472368728660618,SCCA
1000,100,100,5,0.5,19,0.195329522821496,0.0769618479045632,0.00972953787801745,0.453944747259413,SCCA
1000,100,100,5,0.5,20,0.186630614483362,0.255791592464749,0.0858122195913185,0.473816994254759,SCCA
1000,100,100,5,0.5,21,0.10084716520385,0.0214721748785662,0.0415313081963256,0.692940805362047,SCCA
1000,100,100,5,0.5,22,0.126925170811438,0.00616713139689307,0.0249180573443238,0.244037175981454,SCCA
1000,100,100,5,0.5,23,0.106065321873981,0.255791592464749,-0.00466698694476514,0.914743132901563,SCCA
1000,100,100,5,0.5,24,0.621414473670786,1,0.395445482418689,3.44154796483945,SCCA
1000,100,100,5,0.5,25,0.0652462825001869,0.0109923939743201,0.00741706531267489,0.673324153142543,SCCA
1000,100,100,5,0.75,1,0.866218123105249,0.751930530821583,0.175665076816622,2.69732974202403,SCCA
1000,100,100,5,0.75,2,0.931458126825933,0.614340693205026,0.124784876602188,5.35101704486691,SCCA
1000,100,100,5,0.75,3,0.265421879302026,0.0984563332404038,0.0692860815256414,2.28850238170653,SCCA
1000,100,100,5,0.75,4,0.780009351218592,1,0.233043094254887,4.72584782980177,SCCA
1000,100,100,5,0.75,5,0.084268185677579,0.153103678002619,0.0116062605314032,0.509902067459171,SCCA
1000,100,100,5,0.75,6,0.947054091741603,1,0.212021094566919,3.54209166076048,SCCA
1000,100,100,5,0.75,7,0.998568259520064,0.821086927575147,0.279541564403736,8.41507848343025,SCCA
1000,100,100,5,0.75,8,0.266764118540975,0.0818636610515804,0.0228303627000455,2.0821625418452,SCCA
1000,100,100,5,0.75,9,0.416031104820971,0.255791592464749,0.0509681493913862,3.38450344052069,SCCA
1000,100,100,5,0.75,10,0.468677454964101,0.0767658628780308,0.0100421855034009,0.551392582415654,SCCA
1000,100,100,5,0.75,11,0.695624870793233,0.627895796232375,0.288519500669652,3.5904827791152,SCCA
1000,100,100,5,0.75,12,0.244992544053755,0.764660637834179,0.0472225880699047,0.209379576717659,SCCA
1000,100,100,5,0.75,13,0.126665559869018,0.0766077657075868,0.015653735180958,1.8478157051239,SCCA
1000,100,100,5,0.75,14,0.905197995167616,1,0.271818939120295,3.19632361842012,SCCA
1000,100,100,5,0.75,15,0.803326118716756,1,0.293046318657695,5.23464962067148,SCCA
1000,100,100,5,0.75,16,0.997626284683814,1,0.207835467117519,4.41210956712927,SCCA
1000,100,100,5,0.75,17,0.246763875559164,0.100755260546682,0.0008671034378816,2.25800576768822,SCCA
1000,100,100,5,0.75,18,0.988664710670263,0.16274659520954,0.315054968854468,10.9775125880572,SCCA
1000,100,100,5,0.75,19,0.791013735659952,1,0.176873074680785,3.23075381108574,SCCA
1000,100,100,5,0.75,20,0.783302052610867,1,0.303490737964867,3.98732655155306,SCCA
1000,100,100,5,0.75,21,0.237142121363204,0.0504184066710841,0.0785194719117608,1.69688419919174,SCCA
1000,100,100,5,0.75,22,0.913505046753682,1,0.17674240025001,2.17429434888709,SCCA
1000,100,100,5,0.75,23,0.63991699252017,0.139310069462539,0.101084950222811,1.386955695393,SCCA
1000,100,100,5,0.75,24,0.433387230849424,0.102135512978441,0.0592832374272281,3.85899566424411,SCCA
1000,100,100,5,0.75,25,0.95764798663788,1,0.285541638423663,3.53515599011218,SCCA
1000,100,100,10,0.5,1,0.100136434325168,0.0800518412086427,0.0450392064232648,0.277549613241326,SCCA
1000,100,100,10,0.5,2,0.0827977853125201,0.344287378748529,0.0928593383278209,0.416475484085976,SCCA
1000,100,100,10,0.5,3,0.489413018963371,0.00944424993280035,0.142815203575514,0.641703990548862,SCCA
1000,100,100,10,0.5,4,0.0937179773667772,0.00932072690178987,0.0257461248597265,0.589452746310901,SCCA
1000,100,100,10,0.5,5,0.095000797073461,0.0289988624570466,0.0195548067967062,0.643366974509039,SCCA
1000,100,100,10,0.5,6,0.0810282855531933,0.0766743567244539,0.0202842610425839,0.560257678468449,SCCA
1000,100,100,10,0.5,7,0.0874942327659263,0.0798386865126861,-0.0111178190705868,0.38682286847861,SCCA
1000,100,100,10,0.5,8,0.0852157626980961,0.0174667219752818,0.023206506316751,0.421904416656122,SCCA
1000,100,100,10,0.5,9,0.218409433193714,0.0754785817604473,0.0819347180250981,0.264141163399365,SCCA
1000,100,100,10,0.5,10,0.102687665477574,0.0771081767506878,0.0136908253094961,0.687095869452881,SCCA
1000,100,100,10,0.5,11,0.1837783937259,0.0161681393127573,0.036807372252414,0.848228554699544,SCCA
1000,100,100,10,0.5,12,0.11161792569857,0.0760208659070223,0.0151111433810891,0.543248591819552,SCCA
1000,100,100,10,0.5,13,0.609192121209219,1,0.615586272374328,2.08003992038486,SCCA
1000,100,100,10,0.5,14,0.0596042771624564,0.00727347861278271,0.00660526544710671,0.259836099818287,SCCA
1000,100,100,10,0.5,15,0.133854865489212,0.0779395064430672,0.0481224694993896,0.298288732231288,SCCA
1000,100,100,10,0.5,16,0.116111171186335,0.0224385001897442,0.0752958006652605,0.6292883921695,SCCA
1000,100,100,10,0.5,17,0.0813575907333366,0.255791592464749,0.067254340372593,0.494181391949921,SCCA
1000,100,100,10,0.5,18,0.184423835129964,0.0762495171447301,0.0652844174489337,0.0384682573549456,SCCA
1000,100,100,10,0.5,19,0.232315067829557,0.07703198516493,0.019352700577306,0.397743295642076,SCCA
1000,100,100,10,0.5,20,0.0875566969670263,0.255791592464749,0.034720164937192,0.388755235786608,SCCA
1000,100,100,10,0.5,21,0.110252027599009,0.255791592464749,0.0429119820900963,0.646384872225498,SCCA
1000,100,100,10,0.5,22,0.17812571994352,0.00205309101105544,0.0114589052500617,0.380323779644336,SCCA
1000,100,100,10,0.5,23,0.113164781196951,0.0212974371652027,0.0260980599247262,0.312428728116528,SCCA
1000,100,100,10,0.5,24,0.0955360701381328,0.0757054690594023,0.0421059277653096,0.680267702701565,SCCA
1000,100,100,10,0.5,25,0.233127231917418,0.503861061643166,0.224888741694668,0.898460671929585,SCCA
1000,100,100,10,0.75,1,0.472270861787313,0.88233031891709,0.184082556613836,2.22784218670334,SCCA
1000,100,100,10,0.75,2,0.382560400167384,0.255791592464749,0.168200025840055,1.98127212475815,SCCA
1000,100,100,10,0.75,3,0.283619173730601,0.0224186378677562,0.052178971303498,0.216227796143406,SCCA
1000,100,100,10,0.75,4,0.642922739473471,0.634631723515332,0.141603559549315,1.49278701944805,SCCA
1000,100,100,10,0.75,5,0.4524786554705,0.0906039934797667,0.0831812085747968,1.61895264385999,SCCA
1000,100,100,10,0.75,6,0.75042038979169,1,0.240009530474461,2.20838398901963,SCCA
1000,100,100,10,0.75,7,0.218153953043484,0.0256083732009548,0.0120077316639763,0.702765692394842,SCCA
1000,100,100,10,0.75,8,0.393846472954894,0.0337198485530956,0.110762422831533,0.413170049611254,SCCA
1000,100,100,10,0.75,9,0.321506608954853,0.089510045756577,0.0580258800487438,1.81590175658309,SCCA
1000,100,100,10,0.75,10,0.38341570749916,0.255791592464749,0.0742438070230318,1.96137464543403,SCCA
1000,100,100,10,0.75,11,0.383425064850275,0.764660637834179,0.171103920307499,0.8336088978267,SCCA
1000,100,100,10,0.75,12,0.808973293079513,1,0.124517142500638,2.84915805702722,SCCA
1000,100,100,10,0.75,13,0.906355002300633,1,0.249276716152375,3.0473638937241,SCCA
1000,100,100,10,0.75,14,0.217402203510288,0.764660637834179,0.014264107782695,1.14369804634987,SCCA
1000,100,100,10,0.75,15,0.673188726973834,0.287527988676889,0.197224593546626,3.4349862003345,SCCA
1000,100,100,10,0.75,16,0.927472868225208,1,0.139282032731444,2.99783729720555,SCCA
1000,100,100,10,0.75,17,0.793000768991115,1,0.207182357433697,5.51566207257914,SCCA
1000,100,100,10,0.75,18,0.745281909273318,1,0.319645330707083,3.83918615589212,SCCA
1000,100,100,10,0.75,19,0.358433874079176,0.255791592464749,0.122381302746496,2.26209616664529,SCCA
1000,100,100,10,0.75,20,0.844076084905997,0.704903003862142,0.305001566348978,2.25076488007136,SCCA
1000,100,100,10,0.75,21,0.703052409376696,0.255791592464749,0.16989653077174,0.402093134592324,SCCA
1000,100,100,10,0.75,22,0.310021909064083,0.242987775915193,0.0328923995988576,2.15567983613004,SCCA
1000,100,100,10,0.75,23,0.966509519844338,0.816409986641563,0.3686461487127,1.32745872563887,SCCA
1000,100,100,10,0.75,24,0.238872271324092,0.0850752259128483,0.0309341463145284,1.16511218532821,SCCA
1000,100,100,10,0.75,25,0.536769529921305,0.174873388784936,0.126736821118253,0.26985809687599,SCCA
1000,100,100,25,0.5,1,0.881760192619544,1,0.43906553618558,2.15289451343285,SCCA
1000,100,100,25,0.5,2,0.0817409527504124,0.0753531366501679,0.0152357789273752,0.132816336761641,SCCA
1000,100,100,25,0.5,3,0.196036459799006,0.764660637834179,0.085670504748094,0.330626376274583,SCCA
1000,100,100,25,0.5,4,0.122104831825271,0.0808339705159576,0.0444311688671434,0.486332072490504,SCCA
1000,100,100,25,0.5,5,0.117949018472013,0.0820308888422115,0.0289219012659284,0.245660031197164,SCCA
1000,100,100,25,0.5,6,0.105475474029701,0.0810779106306889,0.0227039655054265,0.402800319344891,SCCA
1000,100,100,25,0.5,7,0.11768243936268,0.00719338339097442,-0.00149820061573874,0.293207167917811,SCCA
1000,100,100,25,0.5,8,0.167401754569346,0.0267824811362117,0.0434037985592564,0.247318649447351,SCCA
1000,100,100,25,0.5,9,0.0923669238792516,0.0759515167475355,0.014032096628526,0.404181995552124,SCCA
1000,100,100,25,0.5,10,0.873130687163743,1,0.43427641238266,2.08801248035931,SCCA
1000,100,100,25,0.5,11,0.0843797266472732,0.0106248627372248,0.0143963513943667,0.312773678693738,SCCA
1000,100,100,25,0.5,12,0.117569240611466,0.023161015129919,0.0606563383095194,0.380211079664399,SCCA
1000,100,100,25,0.5,13,0.11198235119643,0.00800056412320393,0.0121605343975768,0.12364171438405,SCCA
1000,100,100,25,0.5,14,0.0808222485516792,0.255791592464749,0.0745344149260615,0.33268901334452,SCCA
1000,100,100,25,0.5,15,0.0821654327054047,0.0466401595848658,0.0634750722022141,0.267528028173825,SCCA
1000,100,100,25,0.5,16,0.0700750228297515,0.0160346173325947,-0.00129348713116706,0.232838416643314,SCCA
1000,100,100,25,0.5,17,0.0944488831122212,0.255791592464749,0.0523029222151059,0.387378966303602,SCCA
1000,100,100,25,0.5,18,0.13216304177653,0.255791592464749,0.041412641993249,0.556385853407078,SCCA
1000,100,100,25,0.5,19,0.123040038964861,0.0174748750941265,0.0562056694292483,0.604952117429192,SCCA
1000,100,100,25,0.5,20,0.121649503992382,0.0797641572985415,0.0530323499626055,0.312523402585328,SCCA
1000,100,100,25,0.5,21,0.144664069233169,0.255791592464749,0.0309300528670317,0.505329110289213,SCCA
1000,100,100,25,0.5,22,0.120266886433154,0.0117627050018911,0.0490831738662413,0.462547651758624,SCCA
1000,100,100,25,0.5,23,0.0924718493002185,0.255791592464749,0.145227502655601,0.224373696771034,SCCA
1000,100,100,25,0.5,24,0.905052776828691,1,0.403254790452417,1.70723807828042,SCCA
1000,100,100,25,0.5,25,0.400820545516322,0.0833160362999474,0.07638125606072,0.565019897169425,SCCA
1000,100,100,25,0.75,1,0.866284346784338,1,0.199421723636692,1.72187165811156,SCCA
1000,100,100,25,0.75,2,0.917244288355775,1,0.243564935850518,1.06361195806543,SCCA
1000,100,100,25,0.75,3,0.549294754872806,0.0996066456828631,0.106149042064123,0.786038558527566,SCCA
1000,100,100,25,0.75,4,0.96702841438945,1,0.239526097245858,2.88109642036753,SCCA
1000,100,100,25,0.75,5,0.224444716026669,0.103638894796955,0.0536473626708765,0.657439398742413,SCCA
1000,100,100,25,0.75,6,0.317060981723212,0.764660637834179,0.0584364008339392,0.552103015440009,SCCA
1000,100,100,25,0.75,7,0.958358191822849,1,0.261618642803897,2.36885559833999,SCCA
1000,100,100,25,0.75,8,0.922673983738887,1,0.197714489060692,2.18859980420221,SCCA
1000,100,100,25,0.75,9,0.867084201248164,1,0.273890771810222,1.85582932896952,SCCA
1000,100,100,25,0.75,10,0.895963638384553,1,0.325027965342198,1.76393434932696,SCCA
1000,100,100,25,0.75,11,0.938992840064045,1,0.303929404763992,2.12008657931232,SCCA
1000,100,100,25,0.75,12,0.504909576613613,0.255791592464749,0.135809565658036,0.12071635193653,SCCA
1000,100,100,25,0.75,13,0.465691745324338,0.0932149310440356,0.0500589423407272,1.06191598567606,SCCA
1000,100,100,25,0.75,14,0.271511897987939,0.0257770480805476,0.0560521791078289,0.644395239850485,SCCA
1000,100,100,25,0.75,15,0.896344851758626,1,0.245353595973926,1.57537934730154,SCCA
1000,100,100,25,0.75,16,0.748484236209363,0.255791592464749,0.139973094431503,1.19467672442055,SCCA
1000,100,100,25,0.75,17,0.265206715678311,0.0908759983583054,-0.0182263410254611,0.709161448346685,SCCA
1000,100,100,25,0.75,18,0.948899255163799,0.756420622671147,0.258313541877813,2.59746066209548,SCCA
1000,100,100,25,0.75,19,0.699013372932162,1,0.3378055873527,1.16458303566382,SCCA
1000,100,100,25,0.75,20,0.666099375738975,0.128221579341681,0.258830461156736,1.84624133895525,SCCA
1000,100,100,25,0.75,21,0.98899198397958,0.892286908477526,0.277837203084176,2.56409627207408,SCCA
1000,100,100,25,0.75,22,0.899129764627689,1,0.290217305037065,1.73103176529555,SCCA
1000,100,100,25,0.75,23,0.230090740319693,0.255791592464749,0.0242558029908497,0.79879082060928,SCCA
1000,100,100,25,0.75,24,0.934362339496971,1,0.262221424955954,0.917129171117185,SCCA
1000,100,100,25,0.75,25,0.517027341506999,0.171134825590132,0.0133067440327836,0.686643063040954,SCCA
1000,100,100,50,0.5,1,0.0569524939562598,0.0180108867276114,0.031918875749927,0.11254997448053,SCCA
1000,100,100,50,0.5,2,0.121191158375692,0.0142244347803637,0.036230605597544,0.163574777483501,SCCA
1000,100,100,50,0.5,3,0.0951983589641653,0.0960170761169759,0.0372864106080165,0.0738977001416341,SCCA
1000,100,100,50,0.5,4,0.203784038194372,0.0339116004114867,0.0371339174261397,0.0344424058806142,SCCA
1000,100,100,50,0.5,5,0.998951074885063,1,0.446864537745668,1.13973384909224,SCCA
1000,100,100,50,0.5,6,0.1259658465036,0.255791592464749,0.0775381793719836,0.20273419598383,SCCA
1000,100,100,50,0.5,7,0.899802519785707,1,0.44525409509288,0.676226005411132,SCCA
1000,100,100,50,0.5,8,0.937248536192655,1,0.434136950530436,1.20746632631678,SCCA
1000,100,100,50,0.5,9,0.676937465957703,1,0.482294006275566,0.735163765298299,SCCA
1000,100,100,50,0.5,10,0.788988904165588,0.764660637834179,0.306018815378284,0.0309241289442676,SCCA
1000,100,100,50,0.5,11,0.983888120593351,1,0.442179773616496,1.24194012281495,SCCA
1000,100,100,50,0.5,12,0.136233636371441,0.0139489311800884,0.0263997277615011,0.271989005691599,SCCA
1000,100,100,50,0.5,13,0.100769769733673,0.0754079230572797,0.0284648563942991,0.152779642098586,SCCA
1000,100,100,50,0.5,14,0.415842568796695,0.0175092827113623,0.0317832823958974,0.101527490360771,SCCA
1000,100,100,50,0.5,15,0.117272699856143,0.255791592464749,0.0477420178542411,0.147430909305395,SCCA
1000,100,100,50,0.5,16,0.817337534759975,1,0.387806283019339,0.949212798946089,SCCA
1000,100,100,50,0.5,17,0.0645107059725171,0.0111282039736759,0.034521353394779,0.10373355655237,SCCA
1000,100,100,50,0.5,18,0.709902003372982,1,0.548825543948406,1.15292367856393,SCCA
1000,100,100,50,0.5,19,0.165990758936833,0.0220786513922189,0.019494305955315,0.147678193036046,SCCA
1000,100,100,50,0.5,20,0.15171605284798,0.255791592464749,0.0374338440305856,0.17353142712481,SCCA
1000,100,100,50,0.5,21,0.965280149705495,1,0.292811842768501,0.957223344261763,SCCA
1000,100,100,50,0.5,22,0.085334099688993,0.00328954388390268,0.0118667612243231,0.180111301112067,SCCA
1000,100,100,50,0.5,23,0.216642881313752,0.0918984387994827,0.0460310048831359,0.278887371171589,SCCA
1000,100,100,50,0.5,24,0.107237676931317,0.0307782107704722,0.0229194531015167,0.108659052972115,SCCA
1000,100,100,50,0.5,25,0.0993595933999776,0.0978687906074106,-0.00980723917876952,0.157640462731367,SCCA
1000,100,100,50,0.75,1,0.912037727389778,1,0.258762726728072,1.12318525919153,SCCA
1000,100,100,50,0.75,2,0.975847196032401,1,0.276111298423324,0.671733492158328,SCCA
1000,100,100,50,0.75,3,0.983682236165224,1,0.225788535826473,0.902692852586961,SCCA
1000,100,100,50,0.75,4,0.586960908416345,0.751930530821583,0.226960188587753,0.984831881578319,SCCA
1000,100,100,50,0.75,5,0.614565490412024,0.634631526546764,0.129597966264235,0.469579743352403,SCCA
1000,100,100,50,0.75,6,0.367983588187426,0.764660637834179,0.122712811834392,0.376188393524186,SCCA
1000,100,100,50,0.75,7,0.391403378687039,0.0209669376210536,0.0545829135583563,0.653876344636461,SCCA
1000,100,100,50,0.75,8,0.865571390127131,1,0.152871552117448,0.718969114471709,SCCA
1000,100,100,50,0.75,9,0.996868078085344,1,0.262121069503376,0.728762175807362,SCCA
1000,100,100,50,0.75,10,0.604373137742563,0.921553545944726,0.355695508572611,0.791382991914156,SCCA
1000,100,100,50,0.75,11,0.995755920790616,1,0.290792369134466,0.861471769253639,SCCA
1000,100,100,50,0.75,12,0.318877528221493,0.0952211808919671,0.0535535251162701,0.45728316433973,SCCA
1000,100,100,50,0.75,13,0.916455388675723,0.63463133054113,0.368556562413718,1.77969493204111,SCCA
1000,100,100,50,0.75,14,0.326621739159901,0.264030320645295,0.0411820979803027,0.484507600393889,SCCA
1000,100,100,50,0.75,15,0.85031808895672,1,0.329312173013583,1.17937440867115,SCCA
1000,100,100,50,0.75,16,0.590622015319559,0.503861061643166,0.200460785737411,0.570259248883267,SCCA
1000,100,100,50,0.75,17,0.732674986354234,0.634630725478317,0.207496986347713,1.16430977304547,SCCA
1000,100,100,50,0.75,18,0.904073534252473,0.960875140040999,0.214407954357367,1.43440470736259,SCCA
1000,100,100,50,0.75,19,0.769266373669774,1,0.302314004413363,0.879112205440372,SCCA
1000,100,100,50,0.75,20,0.948381317304433,0.966083136723474,0.161344055559162,1.03098856376876,SCCA
1000,100,100,50,0.75,21,0.789488458700229,1,0.276494296810387,0.926726903412518,SCCA
1000,100,100,50,0.75,22,0.986676434834281,0.995723707702496,0.222872414413263,2.49444292939241,SCCA
1000,100,100,50,0.75,23,0.388896559930606,0.075937263101298,0.00408017311636483,0.615916014835577,SCCA
1000,100,100,50,0.75,24,0.598257297623778,0.88233031891709,0.136164637879055,0.851982570658569,SCCA
1000,100,100,50,0.75,25,0.993929756990507,1,0.269057912686982,0.722369759952833,SCCA
